Sample	Chromosome	Start	End	Num_Probes	Segment_Mean
BLAIN_p_TCGA_282_304_b2_N_GenomeWideSNP_6_G02_1348606	1	61735	629241	32	0.0415
BLAIN_p_TCGA_282_304_b2_N_GenomeWideSNP_6_G02_1348606	1	668210	16756096	8754	-0.3086
BLAIN_p_TCGA_282_304_b2_N_GenomeWideSNP_6_G02_1348606	1	16760797	16935752	82	0.0627
BLAIN_p_TCGA_282_304_b2_N_GenomeWideSNP_6_G02_1348606	1	16949746	25256850	5260	-0.2984
BLAIN_p_TCGA_282_304_b2_N_GenomeWideSNP_6_G02_1348606	1	25266637	25319693	24	-1.5105
BLAIN_p_TCGA_282_304_b2_N_GenomeWideSNP_6_G02_1348606	1	25320198	72303233	28734	-0.2953
BLAIN_p_TCGA_282_304_b2_N_GenomeWideSNP_6_G02_1348606	1	72303253	72318471	14	-1.0101
BLAIN_p_TCGA_282_304_b2_N_GenomeWideSNP_6_G02_1348606	1	72318487	89009572	11004	-0.2929
BLAIN_p_TCGA_282_304_b2_N_GenomeWideSNP_6_G02_1348606	1	89012275	89012522	2	-2.8674
BLAIN_p_TCGA_282_304_b2_N_GenomeWideSNP_6_G02_1348606	1	89015841	103616762	9094	-0.293
BLAIN_p_TCGA_282_304_b2_N_GenomeWideSNP_6_G02_1348606	1	103620877	103621165	2	1.6666
BLAIN_p_TCGA_282_304_b2_N_GenomeWideSNP_6_G02_1348606	1	103635416	105478759	951	-0.3166
BLAIN_p_TCGA_282_304_b2_N_GenomeWideSNP_6_G02_1348606	1	105479005	105479753	9	-1.4685
BLAIN_p_TCGA_282_304_b2_N_GenomeWideSNP_6_G02_1348606	1	105481433	112147704	4638	-0.2896
BLAIN_p_TCGA_282_304_b2_N_GenomeWideSNP_6_G02_1348606	1	112153343	112154375	17	-1.9407
BLAIN_p_TCGA_282_304_b2_N_GenomeWideSNP_6_G02_1348606	1	112154390	121694421	5190	-0.2971
BLAIN_p_TCGA_282_304_b2_N_GenomeWideSNP_6_G02_1348606	1	121705338	143710242	112	0.2227
BLAIN_p_TCGA_282_304_b2_N_GenomeWideSNP_6_G02_1348606	1	143710401	145741251	176	0.0467
BLAIN_p_TCGA_282_304_b2_N_GenomeWideSNP_6_G02_1348606	1	145741645	145744906	4	1.0302
BLAIN_p_TCGA_282_304_b2_N_GenomeWideSNP_6_G02_1348606	1	145753106	148372647	831	0.1123
BLAIN_p_TCGA_282_304_b2_N_GenomeWideSNP_6_G02_1348606	1	148457215	149891387	262	-0.0208
BLAIN_p_TCGA_282_304_b2_N_GenomeWideSNP_6_G02_1348606	1	149894410	152583051	1406	0.0952
BLAIN_p_TCGA_282_304_b2_N_GenomeWideSNP_6_G02_1348606	1	152583230	152613762	31	-1.636
BLAIN_p_TCGA_282_304_b2_N_GenomeWideSNP_6_G02_1348606	1	152613802	152784062	169	0.0938
BLAIN_p_TCGA_282_304_b2_N_GenomeWideSNP_6_G02_1348606	1	152784298	152795783	36	0.4602
BLAIN_p_TCGA_282_304_b2_N_GenomeWideSNP_6_G02_1348606	1	152795805	194479104	28069	0.0876
BLAIN_p_TCGA_282_304_b2_N_GenomeWideSNP_6_G02_1348606	1	194482281	194485888	2	-1.6638
BLAIN_p_TCGA_282_304_b2_N_GenomeWideSNP_6_G02_1348606	1	194487886	196745743	1453	0.0697
BLAIN_p_TCGA_282_304_b2_N_GenomeWideSNP_6_G02_1348606	1	196758720	196769493	5	1.0292
BLAIN_p_TCGA_282_304_b2_N_GenomeWideSNP_6_G02_1348606	1	196769506	196779346	17	0.0501
BLAIN_p_TCGA_282_304_b2_N_GenomeWideSNP_6_G02_1348606	1	196779373	196830569	58	0.3244
BLAIN_p_TCGA_282_304_b2_N_GenomeWideSNP_6_G02_1348606	1	196830584	197788606	519	0.0861
BLAIN_p_TCGA_282_304_b2_N_GenomeWideSNP_6_G02_1348606	1	197788716	197799377	4	-1.3311
BLAIN_p_TCGA_282_304_b2_N_GenomeWideSNP_6_G02_1348606	1	197800410	209897717	8302	0.0917
BLAIN_p_TCGA_282_304_b2_N_GenomeWideSNP_6_G02_1348606	1	209908268	209908720	2	-1.8701
BLAIN_p_TCGA_282_304_b2_N_GenomeWideSNP_6_G02_1348606	1	209910639	222193326	8604	0.076
BLAIN_p_TCGA_282_304_b2_N_GenomeWideSNP_6_G02_1348606	1	222201492	222203662	2	-3.2493
BLAIN_p_TCGA_282_304_b2_N_GenomeWideSNP_6_G02_1348606	1	222208792	240228440	12558	0.0778
BLAIN_p_TCGA_282_304_b2_N_GenomeWideSNP_6_G02_1348606	1	240230715	240230824	5	-1.5118
BLAIN_p_TCGA_282_304_b2_N_GenomeWideSNP_6_G02_1348606	1	240230839	242880979	2072	0.0547
BLAIN_p_TCGA_282_304_b2_N_GenomeWideSNP_6_G02_1348606	1	242881005	242922374	63	0.3612
BLAIN_p_TCGA_282_304_b2_N_GenomeWideSNP_6_G02_1348606	1	242922588	248930189	3792	0.0906
BLAIN_p_TCGA_282_304_b2_N_GenomeWideSNP_6_G02_1348606	2	12784	4158097	2982	-0.2982
BLAIN_p_TCGA_282_304_b2_N_GenomeWideSNP_6_G02_1348606	2	4166274	4176429	42	-1.3543
BLAIN_p_TCGA_282_304_b2_N_GenomeWideSNP_6_G02_1348606	2	4182472	27756124	16519	-0.2804
BLAIN_p_TCGA_282_304_b2_N_GenomeWideSNP_6_G02_1348606	2	27759200	94722160	40800	-0.1421
BLAIN_p_TCGA_282_304_b2_N_GenomeWideSNP_6_G02_1348606	2	94725843	111327872	9090	-0.2612
BLAIN_p_TCGA_282_304_b2_N_GenomeWideSNP_6_G02_1348606	2	111331380	111438656	28	0.4253
BLAIN_p_TCGA_282_304_b2_N_GenomeWideSNP_6_G02_1348606	2	111455667	117423119	3490	-0.2627
BLAIN_p_TCGA_282_304_b2_N_GenomeWideSNP_6_G02_1348606	2	117423384	117423502	2	-2.7312
BLAIN_p_TCGA_282_304_b2_N_GenomeWideSNP_6_G02_1348606	2	117423737	119287958	1347	-0.2716
BLAIN_p_TCGA_282_304_b2_N_GenomeWideSNP_6_G02_1348606	2	119288886	119293268	5	-1.8737
BLAIN_p_TCGA_282_304_b2_N_GenomeWideSNP_6_G02_1348606	2	119293573	129596666	6514	-0.2759
BLAIN_p_TCGA_282_304_b2_N_GenomeWideSNP_6_G02_1348606	2	129597933	129598954	4	-1.5065
BLAIN_p_TCGA_282_304_b2_N_GenomeWideSNP_6_G02_1348606	2	129601358	146107511	9900	-0.2658
BLAIN_p_TCGA_282_304_b2_N_GenomeWideSNP_6_G02_1348606	2	146107526	146109366	18	-1.166
BLAIN_p_TCGA_282_304_b2_N_GenomeWideSNP_6_G02_1348606	2	146120238	183929673	23269	-0.2608
BLAIN_p_TCGA_282_304_b2_N_GenomeWideSNP_6_G02_1348606	2	183929787	183937714	16	-1.396
BLAIN_p_TCGA_282_304_b2_N_GenomeWideSNP_6_G02_1348606	2	183943862	186928271	1700	-0.2533
BLAIN_p_TCGA_282_304_b2_N_GenomeWideSNP_6_G02_1348606	2	186930938	186936827	5	-2.6905
BLAIN_p_TCGA_282_304_b2_N_GenomeWideSNP_6_G02_1348606	2	186937417	242147305	34076	-0.2628
BLAIN_p_TCGA_282_304_b2_N_GenomeWideSNP_6_G02_1348606	3	18667	6604856	5835	-0.2866
BLAIN_p_TCGA_282_304_b2_N_GenomeWideSNP_6_G02_1348606	3	6609441	6611645	23	-1.4623
BLAIN_p_TCGA_282_304_b2_N_GenomeWideSNP_6_G02_1348606	3	6613391	75372019	46801	-0.2968
BLAIN_p_TCGA_282_304_b2_N_GenomeWideSNP_6_G02_1348606	3	75377956	75496021	51	-2.2354
BLAIN_p_TCGA_282_304_b2_N_GenomeWideSNP_6_G02_1348606	3	75496671	75590356	24	-0.9072
BLAIN_p_TCGA_282_304_b2_N_GenomeWideSNP_6_G02_1348606	3	75596233	110306077	17645	-0.2921
BLAIN_p_TCGA_282_304_b2_N_GenomeWideSNP_6_G02_1348606	3	110306100	110306117	2	-1.9528
BLAIN_p_TCGA_282_304_b2_N_GenomeWideSNP_6_G02_1348606	3	110308618	115353841	3072	-0.2879
BLAIN_p_TCGA_282_304_b2_N_GenomeWideSNP_6_G02_1348606	3	115358873	115695341	240	-0.5309
BLAIN_p_TCGA_282_304_b2_N_GenomeWideSNP_6_G02_1348606	3	115697915	115780731	41	-0.7571
BLAIN_p_TCGA_282_304_b2_N_GenomeWideSNP_6_G02_1348606	3	115782102	115971587	127	-1.6432
BLAIN_p_TCGA_282_304_b2_N_GenomeWideSNP_6_G02_1348606	3	115972581	116107926	79	-0.696
BLAIN_p_TCGA_282_304_b2_N_GenomeWideSNP_6_G02_1348606	3	116114328	116284435	120	-0.9655
BLAIN_p_TCGA_282_304_b2_N_GenomeWideSNP_6_G02_1348606	3	116288823	116503703	182	-0.7012
BLAIN_p_TCGA_282_304_b2_N_GenomeWideSNP_6_G02_1348606	3	116510764	116568054	57	-1.5818
BLAIN_p_TCGA_282_304_b2_N_GenomeWideSNP_6_G02_1348606	3	116568934	116759422	162	-0.5145
BLAIN_p_TCGA_282_304_b2_N_GenomeWideSNP_6_G02_1348606	3	116761771	116934642	153	-1.5398
BLAIN_p_TCGA_282_304_b2_N_GenomeWideSNP_6_G02_1348606	3	116935054	136413440	11978	-0.2941
BLAIN_p_TCGA_282_304_b2_N_GenomeWideSNP_6_G02_1348606	3	136413863	136413881	2	-2.2807
BLAIN_p_TCGA_282_304_b2_N_GenomeWideSNP_6_G02_1348606	3	136423577	175362958	23914	-0.2963
BLAIN_p_TCGA_282_304_b2_N_GenomeWideSNP_6_G02_1348606	3	175363114	175363437	3	-2.3373
BLAIN_p_TCGA_282_304_b2_N_GenomeWideSNP_6_G02_1348606	3	175363536	198169247	14237	-0.2988
BLAIN_p_TCGA_282_304_b2_N_GenomeWideSNP_6_G02_1348606	4	12281	69821	62	-0.114
BLAIN_p_TCGA_282_304_b2_N_GenomeWideSNP_6_G02_1348606	4	71528	9455251	5184	0.3629
BLAIN_p_TCGA_282_304_b2_N_GenomeWideSNP_6_G02_1348606	4	9459504	9477699	8	-0.7261
BLAIN_p_TCGA_282_304_b2_N_GenomeWideSNP_6_G02_1348606	4	9484440	10208766	541	0.3712
BLAIN_p_TCGA_282_304_b2_N_GenomeWideSNP_6_G02_1348606	4	10221792	10232642	30	-0.6541
BLAIN_p_TCGA_282_304_b2_N_GenomeWideSNP_6_G02_1348606	4	10232984	15833742	4423	0.3474
BLAIN_p_TCGA_282_304_b2_N_GenomeWideSNP_6_G02_1348606	4	15834360	15834449	2	1.6167
BLAIN_p_TCGA_282_304_b2_N_GenomeWideSNP_6_G02_1348606	4	15834614	34777432	12566	0.3358
BLAIN_p_TCGA_282_304_b2_N_GenomeWideSNP_6_G02_1348606	4	34784878	34823103	38	-2.3423
BLAIN_p_TCGA_282_304_b2_N_GenomeWideSNP_6_G02_1348606	4	34828250	49177839	8976	0.3457
BLAIN_p_TCGA_282_304_b2_N_GenomeWideSNP_6_G02_1348606	4	49203901	49656595	30	-0.0258
BLAIN_p_TCGA_282_304_b2_N_GenomeWideSNP_6_G02_1348606	4	51819533	54249536	1459	0.3344
BLAIN_p_TCGA_282_304_b2_N_GenomeWideSNP_6_G02_1348606	4	54249538	54249593	5	-0.5874
BLAIN_p_TCGA_282_304_b2_N_GenomeWideSNP_6_G02_1348606	4	54254390	68378716	8994	0.3343
BLAIN_p_TCGA_282_304_b2_N_GenomeWideSNP_6_G02_1348606	4	68389352	68395346	7	-0.0824
BLAIN_p_TCGA_282_304_b2_N_GenomeWideSNP_6_G02_1348606	4	68416487	68422424	5	-1.283
BLAIN_p_TCGA_282_304_b2_N_GenomeWideSNP_6_G02_1348606	4	68429081	68506285	16	0.1494
BLAIN_p_TCGA_282_304_b2_N_GenomeWideSNP_6_G02_1348606	4	68509223	68618391	62	0.9862
BLAIN_p_TCGA_282_304_b2_N_GenomeWideSNP_6_G02_1348606	4	68620122	91148753	13981	0.3431
BLAIN_p_TCGA_282_304_b2_N_GenomeWideSNP_6_G02_1348606	4	91152891	91160414	8	-0.3788
BLAIN_p_TCGA_282_304_b2_N_GenomeWideSNP_6_G02_1348606	4	91164559	114252544	13731	0.3452
BLAIN_p_TCGA_282_304_b2_N_GenomeWideSNP_6_G02_1348606	4	114254167	114261019	23	-1.6729
BLAIN_p_TCGA_282_304_b2_N_GenomeWideSNP_6_G02_1348606	4	114263073	137171085	13247	0.34
BLAIN_p_TCGA_282_304_b2_N_GenomeWideSNP_6_G02_1348606	4	137171266	137173818	16	-0.3983
BLAIN_p_TCGA_282_304_b2_N_GenomeWideSNP_6_G02_1348606	4	137173967	151868634	8866	0.3443
BLAIN_p_TCGA_282_304_b2_N_GenomeWideSNP_6_G02_1348606	4	151870381	151871739	13	-0.7101
BLAIN_p_TCGA_282_304_b2_N_GenomeWideSNP_6_G02_1348606	4	151873644	169923329	11592	0.3458
BLAIN_p_TCGA_282_304_b2_N_GenomeWideSNP_6_G02_1348606	4	169925229	169925890	2	-1.8157
BLAIN_p_TCGA_282_304_b2_N_GenomeWideSNP_6_G02_1348606	4	169926381	172066777	1376	0.345
BLAIN_p_TCGA_282_304_b2_N_GenomeWideSNP_6_G02_1348606	4	172067997	172068382	12	-1.812
BLAIN_p_TCGA_282_304_b2_N_GenomeWideSNP_6_G02_1348606	4	172074828	176244494	2393	0.3368
BLAIN_p_TCGA_282_304_b2_N_GenomeWideSNP_6_G02_1348606	4	176245057	176457195	130	0.1519
BLAIN_p_TCGA_282_304_b2_N_GenomeWideSNP_6_G02_1348606	4	176461413	180570476	2931	0.3316
BLAIN_p_TCGA_282_304_b2_N_GenomeWideSNP_6_G02_1348606	4	180576171	180861539	213	0.1336
BLAIN_p_TCGA_282_304_b2_N_GenomeWideSNP_6_G02_1348606	4	180861945	180905328	34	0.2783
BLAIN_p_TCGA_282_304_b2_N_GenomeWideSNP_6_G02_1348606	4	180908539	180984981	50	-0.2989
BLAIN_p_TCGA_282_304_b2_N_GenomeWideSNP_6_G02_1348606	4	180987334	181184688	137	-1.8337
BLAIN_p_TCGA_282_304_b2_N_GenomeWideSNP_6_G02_1348606	4	181186720	181216168	29	-0.3971
BLAIN_p_TCGA_282_304_b2_N_GenomeWideSNP_6_G02_1348606	4	181223571	181442228	205	0.2217
BLAIN_p_TCGA_282_304_b2_N_GenomeWideSNP_6_G02_1348606	4	181446916	181536650	85	-0.3683
BLAIN_p_TCGA_282_304_b2_N_GenomeWideSNP_6_G02_1348606	4	181540630	181714136	147	0.2134
BLAIN_p_TCGA_282_304_b2_N_GenomeWideSNP_6_G02_1348606	4	181716437	181719612	13	-0.3228
BLAIN_p_TCGA_282_304_b2_N_GenomeWideSNP_6_G02_1348606	4	181719726	182231650	438	-0.7064
BLAIN_p_TCGA_282_304_b2_N_GenomeWideSNP_6_G02_1348606	4	182235423	182650187	323	-0.9032
BLAIN_p_TCGA_282_304_b2_N_GenomeWideSNP_6_G02_1348606	4	182650253	182651199	2	-3.2322
BLAIN_p_TCGA_282_304_b2_N_GenomeWideSNP_6_G02_1348606	4	182651237	182654702	9	-1.1098
BLAIN_p_TCGA_282_304_b2_N_GenomeWideSNP_6_G02_1348606	4	182655068	182659999	7	-0.162
BLAIN_p_TCGA_282_304_b2_N_GenomeWideSNP_6_G02_1348606	4	182660403	182664524	7	0.0689
BLAIN_p_TCGA_282_304_b2_N_GenomeWideSNP_6_G02_1348606	4	182673785	182682618	7	0.6383
BLAIN_p_TCGA_282_304_b2_N_GenomeWideSNP_6_G02_1348606	4	182685293	182690400	5	0.1432
BLAIN_p_TCGA_282_304_b2_N_GenomeWideSNP_6_G02_1348606	4	182695002	182750815	42	0.6006
BLAIN_p_TCGA_282_304_b2_N_GenomeWideSNP_6_G02_1348606	4	182750871	188300104	3729	0.1521
BLAIN_p_TCGA_282_304_b2_N_GenomeWideSNP_6_G02_1348606	4	188300206	188300221	2	-1.645
BLAIN_p_TCGA_282_304_b2_N_GenomeWideSNP_6_G02_1348606	4	188300270	190106768	1176	0.1745
BLAIN_p_TCGA_282_304_b2_N_GenomeWideSNP_6_G02_1348606	5	15532	685389	305	0.4012
BLAIN_p_TCGA_282_304_b2_N_GenomeWideSNP_6_G02_1348606	5	685633	731776	15	-0.1217
BLAIN_p_TCGA_282_304_b2_N_GenomeWideSNP_6_G02_1348606	5	732788	1325688	283	0.389
BLAIN_p_TCGA_282_304_b2_N_GenomeWideSNP_6_G02_1348606	5	1340343	12815668	9600	-0.3177
BLAIN_p_TCGA_282_304_b2_N_GenomeWideSNP_6_G02_1348606	5	12815753	12838421	13	0.7596
BLAIN_p_TCGA_282_304_b2_N_GenomeWideSNP_6_G02_1348606	5	12849089	15616864	1894	-0.3019
BLAIN_p_TCGA_282_304_b2_N_GenomeWideSNP_6_G02_1348606	5	15618584	15669232	42	0.3728
BLAIN_p_TCGA_282_304_b2_N_GenomeWideSNP_6_G02_1348606	5	15670965	16054065	244	-0.2544
BLAIN_p_TCGA_282_304_b2_N_GenomeWideSNP_6_G02_1348606	5	16057788	16067901	11	0.5102
BLAIN_p_TCGA_282_304_b2_N_GenomeWideSNP_6_G02_1348606	5	16068846	21449167	3341	-0.3177
BLAIN_p_TCGA_282_304_b2_N_GenomeWideSNP_6_G02_1348606	5	21451091	21451889	4	-1.5631
BLAIN_p_TCGA_282_304_b2_N_GenomeWideSNP_6_G02_1348606	5	21452329	21466516	5	-0.1822
BLAIN_p_TCGA_282_304_b2_N_GenomeWideSNP_6_G02_1348606	5	21468257	21564827	30	0.0632
BLAIN_p_TCGA_282_304_b2_N_GenomeWideSNP_6_G02_1348606	5	21564949	56863100	19317	0.3968
BLAIN_p_TCGA_282_304_b2_N_GenomeWideSNP_6_G02_1348606	5	56865960	58025819	743	0.283
BLAIN_p_TCGA_282_304_b2_N_GenomeWideSNP_6_G02_1348606	5	58030200	58037089	28	-0.2561
BLAIN_p_TCGA_282_304_b2_N_GenomeWideSNP_6_G02_1348606	5	58037128	58336236	237	0.3196
BLAIN_p_TCGA_282_304_b2_N_GenomeWideSNP_6_G02_1348606	5	58337540	59247083	726	0.3952
BLAIN_p_TCGA_282_304_b2_N_GenomeWideSNP_6_G02_1348606	5	59247223	59613428	310	0.5216
BLAIN_p_TCGA_282_304_b2_N_GenomeWideSNP_6_G02_1348606	5	59616225	61235393	863	0.398
BLAIN_p_TCGA_282_304_b2_N_GenomeWideSNP_6_G02_1348606	5	61237875	71815851	5460	0.3119
BLAIN_p_TCGA_282_304_b2_N_GenomeWideSNP_6_G02_1348606	5	71815952	73944378	1354	0.3652
BLAIN_p_TCGA_282_304_b2_N_GenomeWideSNP_6_G02_1348606	5	73946178	82122944	5259	0.7821
BLAIN_p_TCGA_282_304_b2_N_GenomeWideSNP_6_G02_1348606	5	82123459	82131663	3	-0.1972
BLAIN_p_TCGA_282_304_b2_N_GenomeWideSNP_6_G02_1348606	5	82132219	82257996	72	0.7764
BLAIN_p_TCGA_282_304_b2_N_GenomeWideSNP_6_G02_1348606	5	82259348	98860533	9287	0.3566
BLAIN_p_TCGA_282_304_b2_N_GenomeWideSNP_6_G02_1348606	5	98861179	101200222	1307	-0.2911
BLAIN_p_TCGA_282_304_b2_N_GenomeWideSNP_6_G02_1348606	5	101206410	101251396	41	0.3685
BLAIN_p_TCGA_282_304_b2_N_GenomeWideSNP_6_G02_1348606	5	101255000	102062145	567	-0.2991
BLAIN_p_TCGA_282_304_b2_N_GenomeWideSNP_6_G02_1348606	5	102062266	102078675	14	0.3217
BLAIN_p_TCGA_282_304_b2_N_GenomeWideSNP_6_G02_1348606	5	102084518	105448701	2032	-0.3061
BLAIN_p_TCGA_282_304_b2_N_GenomeWideSNP_6_G02_1348606	5	105453745	105881803	218	0.341
BLAIN_p_TCGA_282_304_b2_N_GenomeWideSNP_6_G02_1348606	5	105882445	110067008	2679	-0.2944
BLAIN_p_TCGA_282_304_b2_N_GenomeWideSNP_6_G02_1348606	5	110075257	110104544	46	0.3056
BLAIN_p_TCGA_282_304_b2_N_GenomeWideSNP_6_G02_1348606	5	110108917	110156906	24	-0.4015
BLAIN_p_TCGA_282_304_b2_N_GenomeWideSNP_6_G02_1348606	5	110158513	110592572	241	0.3581
BLAIN_p_TCGA_282_304_b2_N_GenomeWideSNP_6_G02_1348606	5	110595787	112940950	1720	-0.3046
BLAIN_p_TCGA_282_304_b2_N_GenomeWideSNP_6_G02_1348606	5	112948526	113876628	675	0.3678
BLAIN_p_TCGA_282_304_b2_N_GenomeWideSNP_6_G02_1348606	5	113879548	114578907	525	0.7951
BLAIN_p_TCGA_282_304_b2_N_GenomeWideSNP_6_G02_1348606	5	114580374	133260028	11930	0.3599
BLAIN_p_TCGA_282_304_b2_N_GenomeWideSNP_6_G02_1348606	5	133260410	133916083	607	0.4318
BLAIN_p_TCGA_282_304_b2_N_GenomeWideSNP_6_G02_1348606	5	133916642	134393138	250	0.3497
BLAIN_p_TCGA_282_304_b2_N_GenomeWideSNP_6_G02_1348606	5	134393373	134522017	65	0.7283
BLAIN_p_TCGA_282_304_b2_N_GenomeWideSNP_6_G02_1348606	5	134528909	139789292	3075	0.3634
BLAIN_p_TCGA_282_304_b2_N_GenomeWideSNP_6_G02_1348606	5	139798577	139803311	4	-1.2803
BLAIN_p_TCGA_282_304_b2_N_GenomeWideSNP_6_G02_1348606	5	139804359	181363319	27545	0.3575
BLAIN_p_TCGA_282_304_b2_N_GenomeWideSNP_6_G02_1348606	6	149661	254283	101	-0.2753
BLAIN_p_TCGA_282_304_b2_N_GenomeWideSNP_6_G02_1348606	6	257353	381149	101	0.4695
BLAIN_p_TCGA_282_304_b2_N_GenomeWideSNP_6_G02_1348606	6	382559	2602123	1814	-0.3046
BLAIN_p_TCGA_282_304_b2_N_GenomeWideSNP_6_G02_1348606	6	2603943	2604964	4	-1.9347
BLAIN_p_TCGA_282_304_b2_N_GenomeWideSNP_6_G02_1348606	6	2608562	23742789	16184	-0.3089
BLAIN_p_TCGA_282_304_b2_N_GenomeWideSNP_6_G02_1348606	6	23744444	23745202	2	-1.9145
BLAIN_p_TCGA_282_304_b2_N_GenomeWideSNP_6_G02_1348606	6	23747504	29869295	3498	-0.3104
BLAIN_p_TCGA_282_304_b2_N_GenomeWideSNP_6_G02_1348606	6	29869410	29881490	16	-1.0323
BLAIN_p_TCGA_282_304_b2_N_GenomeWideSNP_6_G02_1348606	6	29882419	31318528	671	-0.2952
BLAIN_p_TCGA_282_304_b2_N_GenomeWideSNP_6_G02_1348606	6	31318754	31328176	6	-1.7152
BLAIN_p_TCGA_282_304_b2_N_GenomeWideSNP_6_G02_1348606	6	31328210	32485152	508	-0.3023
BLAIN_p_TCGA_282_304_b2_N_GenomeWideSNP_6_G02_1348606	6	32486498	32533522	16	0.4331
BLAIN_p_TCGA_282_304_b2_N_GenomeWideSNP_6_G02_1348606	6	32540699	32614112	27	-0.2891
BLAIN_p_TCGA_282_304_b2_N_GenomeWideSNP_6_G02_1348606	6	32614426	32634330	10	0.5364
BLAIN_p_TCGA_282_304_b2_N_GenomeWideSNP_6_G02_1348606	6	32634492	54066286	13713	-0.2997
BLAIN_p_TCGA_282_304_b2_N_GenomeWideSNP_6_G02_1348606	6	54066353	54067057	7	-1.2932
BLAIN_p_TCGA_282_304_b2_N_GenomeWideSNP_6_G02_1348606	6	54070550	58106296	2113	-0.3146
BLAIN_p_TCGA_282_304_b2_N_GenomeWideSNP_6_G02_1348606	6	58106379	58106480	2	-1.8582
BLAIN_p_TCGA_282_304_b2_N_GenomeWideSNP_6_G02_1348606	6	58109150	62213920	980	-0.2735
BLAIN_p_TCGA_282_304_b2_N_GenomeWideSNP_6_G02_1348606	6	62215737	62217987	3	-2.3499
BLAIN_p_TCGA_282_304_b2_N_GenomeWideSNP_6_G02_1348606	6	62218399	66298393	2354	-0.3083
BLAIN_p_TCGA_282_304_b2_N_GenomeWideSNP_6_G02_1348606	6	66299130	66338736	55	-1.811
BLAIN_p_TCGA_282_304_b2_N_GenomeWideSNP_6_G02_1348606	6	66339513	71334939	3334	-0.2992
BLAIN_p_TCGA_282_304_b2_N_GenomeWideSNP_6_G02_1348606	6	71338212	71338888	4	-1.4536
BLAIN_p_TCGA_282_304_b2_N_GenomeWideSNP_6_G02_1348606	6	71343134	76726815	3432	-0.3004
BLAIN_p_TCGA_282_304_b2_N_GenomeWideSNP_6_G02_1348606	6	76730151	76758214	23	0.1169
BLAIN_p_TCGA_282_304_b2_N_GenomeWideSNP_6_G02_1348606	6	76758749	78253172	977	-0.3136
BLAIN_p_TCGA_282_304_b2_N_GenomeWideSNP_6_G02_1348606	6	78259348	78332002	115	0.2363
BLAIN_p_TCGA_282_304_b2_N_GenomeWideSNP_6_G02_1348606	6	78332056	103286954	15471	-0.3049
BLAIN_p_TCGA_282_304_b2_N_GenomeWideSNP_6_G02_1348606	6	103290101	103314186	46	0.4871
BLAIN_p_TCGA_282_304_b2_N_GenomeWideSNP_6_G02_1348606	6	103317595	156915429	34569	-0.3044
BLAIN_p_TCGA_282_304_b2_N_GenomeWideSNP_6_G02_1348606	6	156916971	157124865	142	-1.6425
BLAIN_p_TCGA_282_304_b2_N_GenomeWideSNP_6_G02_1348606	6	157128553	170741917	9452	-0.3053
BLAIN_p_TCGA_282_304_b2_N_GenomeWideSNP_6_G02_1348606	7	43355	4283136	2218	0.3536
BLAIN_p_TCGA_282_304_b2_N_GenomeWideSNP_6_G02_1348606	7	4292155	6828011	1229	0.2955
BLAIN_p_TCGA_282_304_b2_N_GenomeWideSNP_6_G02_1348606	7	6832541	10842707	3232	0.3717
BLAIN_p_TCGA_282_304_b2_N_GenomeWideSNP_6_G02_1348606	7	10846842	38148394	20686	0.3414
BLAIN_p_TCGA_282_304_b2_N_GenomeWideSNP_6_G02_1348606	7	38152046	39037797	722	0.3774
BLAIN_p_TCGA_282_304_b2_N_GenomeWideSNP_6_G02_1348606	7	39037805	39039873	2	-2.4197
BLAIN_p_TCGA_282_304_b2_N_GenomeWideSNP_6_G02_1348606	7	39040000	55613061	11565	0.3352
BLAIN_p_TCGA_282_304_b2_N_GenomeWideSNP_6_G02_1348606	7	55613605	56494736	361	0.2371
BLAIN_p_TCGA_282_304_b2_N_GenomeWideSNP_6_G02_1348606	7	56497004	56940134	180	0.3047
BLAIN_p_TCGA_282_304_b2_N_GenomeWideSNP_6_G02_1348606	7	56997653	57016425	4	1.467
BLAIN_p_TCGA_282_304_b2_N_GenomeWideSNP_6_G02_1348606	7	57048761	62369841	507	0.3244
BLAIN_p_TCGA_282_304_b2_N_GenomeWideSNP_6_G02_1348606	7	62526795	63049159	165	0.8013
BLAIN_p_TCGA_282_304_b2_N_GenomeWideSNP_6_G02_1348606	7	63049498	63465455	119	0.2661
BLAIN_p_TCGA_282_304_b2_N_GenomeWideSNP_6_G02_1348606	7	63500432	63579159	7	-0.4338
BLAIN_p_TCGA_282_304_b2_N_GenomeWideSNP_6_G02_1348606	7	63582683	70955452	3847	0.2928
BLAIN_p_TCGA_282_304_b2_N_GenomeWideSNP_6_G02_1348606	7	70958264	70961155	2	-1.7862
BLAIN_p_TCGA_282_304_b2_N_GenomeWideSNP_6_G02_1348606	7	70963257	76903535	2417	0.2894
BLAIN_p_TCGA_282_304_b2_N_GenomeWideSNP_6_G02_1348606	7	76903706	88666774	7569	0.3285
BLAIN_p_TCGA_282_304_b2_N_GenomeWideSNP_6_G02_1348606	7	88666797	90057510	931	0.3908
BLAIN_p_TCGA_282_304_b2_N_GenomeWideSNP_6_G02_1348606	7	90057742	97756621	4921	0.3292
BLAIN_p_TCGA_282_304_b2_N_GenomeWideSNP_6_G02_1348606	7	97756658	97773163	17	-0.2716
BLAIN_p_TCGA_282_304_b2_N_GenomeWideSNP_6_G02_1348606	7	97774928	107136122	4949	0.3276
BLAIN_p_TCGA_282_304_b2_N_GenomeWideSNP_6_G02_1348606	7	107136758	107660793	248	0.2158
BLAIN_p_TCGA_282_304_b2_N_GenomeWideSNP_6_G02_1348606	7	107664183	134100424	16218	0.3435
BLAIN_p_TCGA_282_304_b2_N_GenomeWideSNP_6_G02_1348606	7	134100442	134105690	25	0.9023
BLAIN_p_TCGA_282_304_b2_N_GenomeWideSNP_6_G02_1348606	7	134110881	142069843	5211	0.3404
BLAIN_p_TCGA_282_304_b2_N_GenomeWideSNP_6_G02_1348606	7	142069880	142092307	41	-0.2088
BLAIN_p_TCGA_282_304_b2_N_GenomeWideSNP_6_G02_1348606	7	142095481	144199159	1112	0.3575
BLAIN_p_TCGA_282_304_b2_N_GenomeWideSNP_6_G02_1348606	7	144207186	144369854	43	0.6841
BLAIN_p_TCGA_282_304_b2_N_GenomeWideSNP_6_G02_1348606	7	144377836	159334314	9687	0.3453
BLAIN_p_TCGA_282_304_b2_N_GenomeWideSNP_6_G02_1348606	8	81254	4144670	3687	0.3578
BLAIN_p_TCGA_282_304_b2_N_GenomeWideSNP_6_G02_1348606	8	4144685	4144794	3	-1.1149
BLAIN_p_TCGA_282_304_b2_N_GenomeWideSNP_6_G02_1348606	8	4145131	4145783	10	0.3132
BLAIN_p_TCGA_282_304_b2_N_GenomeWideSNP_6_G02_1348606	8	4145941	4145956	2	-2.1264
BLAIN_p_TCGA_282_304_b2_N_GenomeWideSNP_6_G02_1348606	8	4146039	6208942	2925	0.3585
BLAIN_p_TCGA_282_304_b2_N_GenomeWideSNP_6_G02_1348606	8	6209399	6209716	10	-0.2219
BLAIN_p_TCGA_282_304_b2_N_GenomeWideSNP_6_G02_1348606	8	6209735	7167045	1080	0.3597
BLAIN_p_TCGA_282_304_b2_N_GenomeWideSNP_6_G02_1348606	8	7172468	7185818	5	-0.5621
BLAIN_p_TCGA_282_304_b2_N_GenomeWideSNP_6_G02_1348606	8	7296545	7380497	32	0.6892
BLAIN_p_TCGA_282_304_b2_N_GenomeWideSNP_6_G02_1348606	8	7392858	7872631	109	0.1053
BLAIN_p_TCGA_282_304_b2_N_GenomeWideSNP_6_G02_1348606	8	7873171	10082971	1740	0.3504
BLAIN_p_TCGA_282_304_b2_N_GenomeWideSNP_6_G02_1348606	8	10085397	12383605	1618	0.391
BLAIN_p_TCGA_282_304_b2_N_GenomeWideSNP_6_G02_1348606	8	12383651	13426374	805	0.3058
BLAIN_p_TCGA_282_304_b2_N_GenomeWideSNP_6_G02_1348606	8	13427578	13947026	575	0.362
BLAIN_p_TCGA_282_304_b2_N_GenomeWideSNP_6_G02_1348606	8	13947089	13957826	13	-0.1184
BLAIN_p_TCGA_282_304_b2_N_GenomeWideSNP_6_G02_1348606	8	13958557	29865606	12559	0.3458
BLAIN_p_TCGA_282_304_b2_N_GenomeWideSNP_6_G02_1348606	8	29866419	39373140	5612	0.3189
BLAIN_p_TCGA_282_304_b2_N_GenomeWideSNP_6_G02_1348606	8	39378084	39529446	59	-2.2479
BLAIN_p_TCGA_282_304_b2_N_GenomeWideSNP_6_G02_1348606	8	39530780	40914477	1073	0.3373
BLAIN_p_TCGA_282_304_b2_N_GenomeWideSNP_6_G02_1348606	8	40920333	40920952	2	-1.404
BLAIN_p_TCGA_282_304_b2_N_GenomeWideSNP_6_G02_1348606	8	40926161	46616363	1700	0.3358
BLAIN_p_TCGA_282_304_b2_N_GenomeWideSNP_6_G02_1348606	8	46620127	46624924	6	1.1635
BLAIN_p_TCGA_282_304_b2_N_GenomeWideSNP_6_G02_1348606	8	46634473	99186731	31926	0.3391
BLAIN_p_TCGA_282_304_b2_N_GenomeWideSNP_6_G02_1348606	8	99188231	99190254	2	-1.1584
BLAIN_p_TCGA_282_304_b2_N_GenomeWideSNP_6_G02_1348606	8	99191338	111279265	7305	0.3485
BLAIN_p_TCGA_282_304_b2_N_GenomeWideSNP_6_G02_1348606	8	111282050	111282973	8	-0.7716
BLAIN_p_TCGA_282_304_b2_N_GenomeWideSNP_6_G02_1348606	8	111283016	114619814	1822	0.3442
BLAIN_p_TCGA_282_304_b2_N_GenomeWideSNP_6_G02_1348606	8	114622258	114629502	35	-0.2245
BLAIN_p_TCGA_282_304_b2_N_GenomeWideSNP_6_G02_1348606	8	114638468	145072769	21060	0.3547
BLAIN_p_TCGA_282_304_b2_N_GenomeWideSNP_6_G02_1348606	9	46587	2147099	2317	-0.2801
BLAIN_p_TCGA_282_304_b2_N_GenomeWideSNP_6_G02_1348606	9	2148837	2150662	6	-2.4352
BLAIN_p_TCGA_282_304_b2_N_GenomeWideSNP_6_G02_1348606	9	2152115	6695986	4053	-0.2915
BLAIN_p_TCGA_282_304_b2_N_GenomeWideSNP_6_G02_1348606	9	6701145	6708357	7	-1.7847
BLAIN_p_TCGA_282_304_b2_N_GenomeWideSNP_6_G02_1348606	9	6712314	12023083	4901	-0.2973
BLAIN_p_TCGA_282_304_b2_N_GenomeWideSNP_6_G02_1348606	9	12028523	12164717	103	-0.625
BLAIN_p_TCGA_282_304_b2_N_GenomeWideSNP_6_G02_1348606	9	12164986	39243250	19824	-0.3045
BLAIN_p_TCGA_282_304_b2_N_GenomeWideSNP_6_G02_1348606	9	39247121	42798439	232	-0.0845
BLAIN_p_TCGA_282_304_b2_N_GenomeWideSNP_6_G02_1348606	9	42800677	61520021	23	-0.363
BLAIN_p_TCGA_282_304_b2_N_GenomeWideSNP_6_G02_1348606	9	61521913	61598577	26	-1.0738
BLAIN_p_TCGA_282_304_b2_N_GenomeWideSNP_6_G02_1348606	9	61600648	61647899	9	-1.9894
BLAIN_p_TCGA_282_304_b2_N_GenomeWideSNP_6_G02_1348606	9	61658190	63588247	60	-0.3493
BLAIN_p_TCGA_282_304_b2_N_GenomeWideSNP_6_G02_1348606	9	63590317	68375055	219	-0.1339
BLAIN_p_TCGA_282_304_b2_N_GenomeWideSNP_6_G02_1348606	9	68381085	77153789	6504	-0.309
BLAIN_p_TCGA_282_304_b2_N_GenomeWideSNP_6_G02_1348606	9	77154478	77171212	31	0.3922
BLAIN_p_TCGA_282_304_b2_N_GenomeWideSNP_6_G02_1348606	9	77171226	104526867	18842	-0.3081
BLAIN_p_TCGA_282_304_b2_N_GenomeWideSNP_6_G02_1348606	9	104529126	104530716	2	-2.1013
BLAIN_p_TCGA_282_304_b2_N_GenomeWideSNP_6_G02_1348606	9	104531037	129560958	17785	-0.3026
BLAIN_p_TCGA_282_304_b2_N_GenomeWideSNP_6_G02_1348606	9	129561772	129564975	2	-2.1707
BLAIN_p_TCGA_282_304_b2_N_GenomeWideSNP_6_G02_1348606	9	129571466	138200944	4764	-0.2986
BLAIN_p_TCGA_282_304_b2_N_GenomeWideSNP_6_G02_1348606	10	26873	7642557	6664	0.3398
BLAIN_p_TCGA_282_304_b2_N_GenomeWideSNP_6_G02_1348606	10	7642863	24086334	12569	0.3125
BLAIN_p_TCGA_282_304_b2_N_GenomeWideSNP_6_G02_1348606	10	24088745	24089125	11	1.3819
BLAIN_p_TCGA_282_304_b2_N_GenomeWideSNP_6_G02_1348606	10	24089979	36406228	8688	0.3099
BLAIN_p_TCGA_282_304_b2_N_GenomeWideSNP_6_G02_1348606	10	36412016	46402431	3884	0.2639
BLAIN_p_TCGA_282_304_b2_N_GenomeWideSNP_6_G02_1348606	10	46407424	46481974	55	0.6625
BLAIN_p_TCGA_282_304_b2_N_GenomeWideSNP_6_G02_1348606	10	46482029	49332133	1426	0.3174
BLAIN_p_TCGA_282_304_b2_N_GenomeWideSNP_6_G02_1348606	10	49334213	53992663	3323	0.261
BLAIN_p_TCGA_282_304_b2_N_GenomeWideSNP_6_G02_1348606	10	53993065	54133529	123	-0.4063
BLAIN_p_TCGA_282_304_b2_N_GenomeWideSNP_6_G02_1348606	10	54136056	54313321	136	0.2305
BLAIN_p_TCGA_282_304_b2_N_GenomeWideSNP_6_G02_1348606	10	54313343	54487038	154	0.0751
BLAIN_p_TCGA_282_304_b2_N_GenomeWideSNP_6_G02_1348606	10	54490611	54593756	74	-0.0867
BLAIN_p_TCGA_282_304_b2_N_GenomeWideSNP_6_G02_1348606	10	54594358	54603291	10	0.1781
BLAIN_p_TCGA_282_304_b2_N_GenomeWideSNP_6_G02_1348606	10	54606411	54715150	75	-0.5086
BLAIN_p_TCGA_282_304_b2_N_GenomeWideSNP_6_G02_1348606	10	54715911	54758504	37	0.1702
BLAIN_p_TCGA_282_304_b2_N_GenomeWideSNP_6_G02_1348606	10	54758835	54784128	20	0.6265
BLAIN_p_TCGA_282_304_b2_N_GenomeWideSNP_6_G02_1348606	10	54784391	54874467	64	0.1415
BLAIN_p_TCGA_282_304_b2_N_GenomeWideSNP_6_G02_1348606	10	54875109	54920517	22	0.6565
BLAIN_p_TCGA_282_304_b2_N_GenomeWideSNP_6_G02_1348606	10	54923330	54932839	6	-0.156
BLAIN_p_TCGA_282_304_b2_N_GenomeWideSNP_6_G02_1348606	10	54935658	55033119	60	0.6621
BLAIN_p_TCGA_282_304_b2_N_GenomeWideSNP_6_G02_1348606	10	55034127	133769379	53608	0.265
BLAIN_p_TCGA_282_304_b2_N_GenomeWideSNP_6_G02_1348606	11	198510	4946887	2474	-0.3104
BLAIN_p_TCGA_282_304_b2_N_GenomeWideSNP_6_G02_1348606	11	4947280	4955104	31	0.3069
BLAIN_p_TCGA_282_304_b2_N_GenomeWideSNP_6_G02_1348606	11	4955141	5500921	548	-0.2785
BLAIN_p_TCGA_282_304_b2_N_GenomeWideSNP_6_G02_1348606	11	5500945	5500967	2	-2.6454
BLAIN_p_TCGA_282_304_b2_N_GenomeWideSNP_6_G02_1348606	11	5501180	5502363	4	-1.0864
BLAIN_p_TCGA_282_304_b2_N_GenomeWideSNP_6_G02_1348606	11	5503234	5766175	239	-0.3215
BLAIN_p_TCGA_282_304_b2_N_GenomeWideSNP_6_G02_1348606	11	5766850	5787909	32	-2.2423
BLAIN_p_TCGA_282_304_b2_N_GenomeWideSNP_6_G02_1348606	11	5788108	24225985	13707	-0.3026
BLAIN_p_TCGA_282_304_b2_N_GenomeWideSNP_6_G02_1348606	11	24226014	24226313	4	-2.4009
BLAIN_p_TCGA_282_304_b2_N_GenomeWideSNP_6_G02_1348606	11	24229649	32436673	5605	-0.3085
BLAIN_p_TCGA_282_304_b2_N_GenomeWideSNP_6_G02_1348606	11	32437078	32442206	5	-1.6108
BLAIN_p_TCGA_282_304_b2_N_GenomeWideSNP_6_G02_1348606	11	32443362	42940281	7437	-0.3064
BLAIN_p_TCGA_282_304_b2_N_GenomeWideSNP_6_G02_1348606	11	42948034	42949618	6	0.6552
BLAIN_p_TCGA_282_304_b2_N_GenomeWideSNP_6_G02_1348606	11	42955081	55595864	4501	-0.2917
BLAIN_p_TCGA_282_304_b2_N_GenomeWideSNP_6_G02_1348606	11	55606556	55686100	60	0.2799
BLAIN_p_TCGA_282_304_b2_N_GenomeWideSNP_6_G02_1348606	11	55693207	66226208	5704	-0.2962
BLAIN_p_TCGA_282_304_b2_N_GenomeWideSNP_6_G02_1348606	11	66230101	71756709	2659	-0.1705
BLAIN_p_TCGA_282_304_b2_N_GenomeWideSNP_6_G02_1348606	11	71766534	71771008	5	-1.3013
BLAIN_p_TCGA_282_304_b2_N_GenomeWideSNP_6_G02_1348606	11	71802409	107367930	24039	-0.1671
BLAIN_p_TCGA_282_304_b2_N_GenomeWideSNP_6_G02_1348606	11	107367945	107368402	6	-1.4274
BLAIN_p_TCGA_282_304_b2_N_GenomeWideSNP_6_G02_1348606	11	107381636	134731897	19642	-0.1647
BLAIN_p_TCGA_282_304_b2_N_GenomeWideSNP_6_G02_1348606	11	134732386	134733052	2	-4.0593
BLAIN_p_TCGA_282_304_b2_N_GenomeWideSNP_6_G02_1348606	11	134737977	135060795	271	-0.1633
BLAIN_p_TCGA_282_304_b2_N_GenomeWideSNP_6_G02_1348606	11	135062671	135074876	10	-0.4371
BLAIN_p_TCGA_282_304_b2_N_GenomeWideSNP_6_G02_1348606	12	51460	9477960	6196	0.3609
BLAIN_p_TCGA_282_304_b2_N_GenomeWideSNP_6_G02_1348606	12	9481274	9575696	25	1.3244
BLAIN_p_TCGA_282_304_b2_N_GenomeWideSNP_6_G02_1348606	12	9582373	11068228	1043	0.3557
BLAIN_p_TCGA_282_304_b2_N_GenomeWideSNP_6_G02_1348606	12	11069769	11078856	5	-0.4315
BLAIN_p_TCGA_282_304_b2_N_GenomeWideSNP_6_G02_1348606	12	11080319	11088933	5	-1.5929
BLAIN_p_TCGA_282_304_b2_N_GenomeWideSNP_6_G02_1348606	12	11099275	75817732	39769	0.3403
BLAIN_p_TCGA_282_304_b2_N_GenomeWideSNP_6_G02_1348606	12	75817824	75818804	4	-1.0809
BLAIN_p_TCGA_282_304_b2_N_GenomeWideSNP_6_G02_1348606	12	75819499	83769408	5109	0.3358
BLAIN_p_TCGA_282_304_b2_N_GenomeWideSNP_6_G02_1348606	12	83769511	83771462	3	-1.198
BLAIN_p_TCGA_282_304_b2_N_GenomeWideSNP_6_G02_1348606	12	83771500	128744341	29789	0.3435
BLAIN_p_TCGA_282_304_b2_N_GenomeWideSNP_6_G02_1348606	12	128745968	128749443	8	-0.7394
BLAIN_p_TCGA_282_304_b2_N_GenomeWideSNP_6_G02_1348606	12	128749494	133201603	3080	0.3564
BLAIN_p_TCGA_282_304_b2_N_GenomeWideSNP_6_G02_1348606	13	18452809	18886418	132	-0.1217
BLAIN_p_TCGA_282_304_b2_N_GenomeWideSNP_6_G02_1348606	13	18887344	37497899	13401	-0.3086
BLAIN_p_TCGA_282_304_b2_N_GenomeWideSNP_6_G02_1348606	13	37498087	37510620	15	0.5076
BLAIN_p_TCGA_282_304_b2_N_GenomeWideSNP_6_G02_1348606	13	37514193	58010656	12972	-0.2954
BLAIN_p_TCGA_282_304_b2_N_GenomeWideSNP_6_G02_1348606	13	58016147	58019138	4	-2.7977
BLAIN_p_TCGA_282_304_b2_N_GenomeWideSNP_6_G02_1348606	13	58019212	63715183	3420	-0.3008
BLAIN_p_TCGA_282_304_b2_N_GenomeWideSNP_6_G02_1348606	13	63727471	63831189	63	0.4877
BLAIN_p_TCGA_282_304_b2_N_GenomeWideSNP_6_G02_1348606	13	63845058	114342922	34176	-0.3028
BLAIN_p_TCGA_282_304_b2_N_GenomeWideSNP_6_G02_1348606	14	18225647	19191520	51	-0.0725
BLAIN_p_TCGA_282_304_b2_N_GenomeWideSNP_6_G02_1348606	14	19192119	19954424	120	-0.5699
BLAIN_p_TCGA_282_304_b2_N_GenomeWideSNP_6_G02_1348606	14	19955213	21765222	1188	-0.3235
BLAIN_p_TCGA_282_304_b2_N_GenomeWideSNP_6_G02_1348606	14	21768531	24955530	2167	-0.2562
BLAIN_p_TCGA_282_304_b2_N_GenomeWideSNP_6_G02_1348606	14	24956002	25478230	340	-0.3268
BLAIN_p_TCGA_282_304_b2_N_GenomeWideSNP_6_G02_1348606	14	25478417	25478686	4	-1.734
BLAIN_p_TCGA_282_304_b2_N_GenomeWideSNP_6_G02_1348606	14	25482109	47226309	13410	-0.297
BLAIN_p_TCGA_282_304_b2_N_GenomeWideSNP_6_G02_1348606	14	47226862	47247080	9	-2.6377
BLAIN_p_TCGA_282_304_b2_N_GenomeWideSNP_6_G02_1348606	14	47247780	73529070	16925	-0.2919
BLAIN_p_TCGA_282_304_b2_N_GenomeWideSNP_6_G02_1348606	14	73534419	73563196	10	0.6462
BLAIN_p_TCGA_282_304_b2_N_GenomeWideSNP_6_G02_1348606	14	73563211	105588560	20624	-0.2939
BLAIN_p_TCGA_282_304_b2_N_GenomeWideSNP_6_G02_1348606	14	105612353	105701150	16	-1.6488
BLAIN_p_TCGA_282_304_b2_N_GenomeWideSNP_6_G02_1348606	14	105728140	106120996	123	-0.2484
BLAIN_p_TCGA_282_304_b2_N_GenomeWideSNP_6_G02_1348606	14	106121653	106150166	18	-1.2391
BLAIN_p_TCGA_282_304_b2_N_GenomeWideSNP_6_G02_1348606	14	106154301	106290131	58	-1.9766
BLAIN_p_TCGA_282_304_b2_N_GenomeWideSNP_6_G02_1348606	14	106290365	106326787	22	-1.2117
BLAIN_p_TCGA_282_304_b2_N_GenomeWideSNP_6_G02_1348606	14	106340102	106346129	7	-0.8169
BLAIN_p_TCGA_282_304_b2_N_GenomeWideSNP_6_G02_1348606	14	106360014	106689547	207	-0.2645
BLAIN_p_TCGA_282_304_b2_N_GenomeWideSNP_6_G02_1348606	14	106696253	106719325	20	-0.5153
BLAIN_p_TCGA_282_304_b2_N_GenomeWideSNP_6_G02_1348606	14	106767970	106770361	6	-1.5421
BLAIN_p_TCGA_282_304_b2_N_GenomeWideSNP_6_G02_1348606	14	106771254	106877229	71	-0.2694
BLAIN_p_TCGA_282_304_b2_N_GenomeWideSNP_6_G02_1348606	15	19811075	20001686	48	0.2976
BLAIN_p_TCGA_282_304_b2_N_GenomeWideSNP_6_G02_1348606	15	20011702	20289044	28	0.6715
BLAIN_p_TCGA_282_304_b2_N_GenomeWideSNP_6_G02_1348606	15	20305901	20336727	4	-0.247
BLAIN_p_TCGA_282_304_b2_N_GenomeWideSNP_6_G02_1348606	15	20344625	20376311	25	0.5071
BLAIN_p_TCGA_282_304_b2_N_GenomeWideSNP_6_G02_1348606	15	20380735	21067891	182	0.7739
BLAIN_p_TCGA_282_304_b2_N_GenomeWideSNP_6_G02_1348606	15	21070355	22272411	126	0.6026
BLAIN_p_TCGA_282_304_b2_N_GenomeWideSNP_6_G02_1348606	15	22278707	101928837	51617	0.3353
BLAIN_p_TCGA_282_304_b2_N_GenomeWideSNP_6_G02_1348606	16	10777	5617392	2705	0.3248
BLAIN_p_TCGA_282_304_b2_N_GenomeWideSNP_6_G02_1348606	16	5617481	6120718	594	-0.3987
BLAIN_p_TCGA_282_304_b2_N_GenomeWideSNP_6_G02_1348606	16	6120734	6133266	19	-2.1121
BLAIN_p_TCGA_282_304_b2_N_GenomeWideSNP_6_G02_1348606	16	6136395	6307059	187	-0.4028
BLAIN_p_TCGA_282_304_b2_N_GenomeWideSNP_6_G02_1348606	16	6310448	6625912	416	0.2869
BLAIN_p_TCGA_282_304_b2_N_GenomeWideSNP_6_G02_1348606	16	6626446	7002358	462	-0.3125
BLAIN_p_TCGA_282_304_b2_N_GenomeWideSNP_6_G02_1348606	16	7002373	7033036	43	0.3164
BLAIN_p_TCGA_282_304_b2_N_GenomeWideSNP_6_G02_1348606	16	7037472	7205802	241	-0.5889
BLAIN_p_TCGA_282_304_b2_N_GenomeWideSNP_6_G02_1348606	16	7206605	7386686	212	0.1636
BLAIN_p_TCGA_282_304_b2_N_GenomeWideSNP_6_G02_1348606	16	7391343	19933041	8641	0.3308
BLAIN_p_TCGA_282_304_b2_N_GenomeWideSNP_6_G02_1348606	16	19934328	19956040	29	-0.5623
BLAIN_p_TCGA_282_304_b2_N_GenomeWideSNP_6_G02_1348606	16	19958932	32113010	6533	0.3077
BLAIN_p_TCGA_282_304_b2_N_GenomeWideSNP_6_G02_1348606	16	32135565	34032852	269	0.5158
BLAIN_p_TCGA_282_304_b2_N_GenomeWideSNP_6_G02_1348606	16	34034334	46463450	491	0.3044
BLAIN_p_TCGA_282_304_b2_N_GenomeWideSNP_6_G02_1348606	16	46469294	47694191	513	-0.2955
BLAIN_p_TCGA_282_304_b2_N_GenomeWideSNP_6_G02_1348606	16	47699230	48155253	225	0.3355
BLAIN_p_TCGA_282_304_b2_N_GenomeWideSNP_6_G02_1348606	16	48158622	52686463	3204	-0.3246
BLAIN_p_TCGA_282_304_b2_N_GenomeWideSNP_6_G02_1348606	16	52690336	55762682	2517	0.3249
BLAIN_p_TCGA_282_304_b2_N_GenomeWideSNP_6_G02_1348606	16	55764310	55764867	3	3.2055
BLAIN_p_TCGA_282_304_b2_N_GenomeWideSNP_6_G02_1348606	16	55770436	55775554	7	1.1218
BLAIN_p_TCGA_282_304_b2_N_GenomeWideSNP_6_G02_1348606	16	55776109	72369388	9951	0.3366
BLAIN_p_TCGA_282_304_b2_N_GenomeWideSNP_6_G02_1348606	16	72372095	78695441	5034	0.2839
BLAIN_p_TCGA_282_304_b2_N_GenomeWideSNP_6_G02_1348606	16	78695459	90221127	10158	0.3214
BLAIN_p_TCGA_282_304_b2_N_GenomeWideSNP_6_G02_1348606	17	150733	18461528	11422	-0.3124
BLAIN_p_TCGA_282_304_b2_N_GenomeWideSNP_6_G02_1348606	17	18462631	18565883	25	0.2373
BLAIN_p_TCGA_282_304_b2_N_GenomeWideSNP_6_G02_1348606	17	18571332	41265456	9434	-0.2862
BLAIN_p_TCGA_282_304_b2_N_GenomeWideSNP_6_G02_1348606	17	41266762	41274198	23	0.7158
BLAIN_p_TCGA_282_304_b2_N_GenomeWideSNP_6_G02_1348606	17	41274279	46286804	2637	-0.2809
BLAIN_p_TCGA_282_304_b2_N_GenomeWideSNP_6_G02_1348606	17	46317046	46674934	48	0.3895
BLAIN_p_TCGA_282_304_b2_N_GenomeWideSNP_6_G02_1348606	17	46687628	53034620	3668	-0.3002
BLAIN_p_TCGA_282_304_b2_N_GenomeWideSNP_6_G02_1348606	17	53035026	53036087	4	-2.4136
BLAIN_p_TCGA_282_304_b2_N_GenomeWideSNP_6_G02_1348606	17	53036639	64952808	6866	-0.3062
BLAIN_p_TCGA_282_304_b2_N_GenomeWideSNP_6_G02_1348606	17	64957704	65012365	30	0.3351
BLAIN_p_TCGA_282_304_b2_N_GenomeWideSNP_6_G02_1348606	17	65018886	83090856	11005	-0.3058
BLAIN_p_TCGA_282_304_b2_N_GenomeWideSNP_6_G02_1348606	18	11543	23932633	11955	-0.3004
BLAIN_p_TCGA_282_304_b2_N_GenomeWideSNP_6_G02_1348606	18	23933031	23996578	29	0.269
BLAIN_p_TCGA_282_304_b2_N_GenomeWideSNP_6_G02_1348606	18	23998024	80257174	38755	-0.2991
BLAIN_p_TCGA_282_304_b2_N_GenomeWideSNP_6_G02_1348606	19	90910	58586487	29299	0.3033
BLAIN_p_TCGA_282_304_b2_N_GenomeWideSNP_6_G02_1348606	20	80664	80671	7	-0.0409
BLAIN_p_TCGA_282_304_b2_N_GenomeWideSNP_6_G02_1348606	20	80907	1586808	1201	0.294
BLAIN_p_TCGA_282_304_b2_N_GenomeWideSNP_6_G02_1348606	20	1587007	1591257	20	-0.1352
BLAIN_p_TCGA_282_304_b2_N_GenomeWideSNP_6_G02_1348606	20	1591489	1613247	18	-0.785
BLAIN_p_TCGA_282_304_b2_N_GenomeWideSNP_6_G02_1348606	20	1617300	26309289	18791	0.2713
BLAIN_p_TCGA_282_304_b2_N_GenomeWideSNP_6_G02_1348606	20	26316572	30259177	23	-0.2392
BLAIN_p_TCGA_282_304_b2_N_GenomeWideSNP_6_G02_1348606	20	30263595	31812854	316	0.2595
BLAIN_p_TCGA_282_304_b2_N_GenomeWideSNP_6_G02_1348606	20	31814699	33352932	864	0.3587
BLAIN_p_TCGA_282_304_b2_N_GenomeWideSNP_6_G02_1348606	20	33354441	37198280	1800	0.3056
BLAIN_p_TCGA_282_304_b2_N_GenomeWideSNP_6_G02_1348606	20	37198506	63707031	19174	0.3522
BLAIN_p_TCGA_282_304_b2_N_GenomeWideSNP_6_G02_1348606	20	63711343	64324800	247	0.307
BLAIN_p_TCGA_282_304_b2_N_GenomeWideSNP_6_G02_1348606	21	10336543	10541079	59	-0.4221
BLAIN_p_TCGA_282_304_b2_N_GenomeWideSNP_6_G02_1348606	21	10544662	10569523	21	0.4435
BLAIN_p_TCGA_282_304_b2_N_GenomeWideSNP_6_G02_1348606	21	10571813	13145250	62	0.0425
BLAIN_p_TCGA_282_304_b2_N_GenomeWideSNP_6_G02_1348606	21	13160062	13850551	310	0.2856
BLAIN_p_TCGA_282_304_b2_N_GenomeWideSNP_6_G02_1348606	21	13883107	13883478	2	-1.5125
BLAIN_p_TCGA_282_304_b2_N_GenomeWideSNP_6_G02_1348606	21	13913132	41907522	20994	0.2827
BLAIN_p_TCGA_282_304_b2_N_GenomeWideSNP_6_G02_1348606	21	41909897	43548172	1165	0.3392
BLAIN_p_TCGA_282_304_b2_N_GenomeWideSNP_6_G02_1348606	21	43550992	43552931	2	1.8022
BLAIN_p_TCGA_282_304_b2_N_GenomeWideSNP_6_G02_1348606	21	43553786	46677045	1761	0.3037
BLAIN_p_TCGA_282_304_b2_N_GenomeWideSNP_6_G02_1348606	22	15294545	15473604	17	-0.1288
BLAIN_p_TCGA_282_304_b2_N_GenomeWideSNP_6_G02_1348606	22	15473669	15474114	2	1.7328
BLAIN_p_TCGA_282_304_b2_N_GenomeWideSNP_6_G02_1348606	22	15474768	16804233	214	-0.1923
BLAIN_p_TCGA_282_304_b2_N_GenomeWideSNP_6_G02_1348606	22	16804770	21939017	2831	-0.3081
BLAIN_p_TCGA_282_304_b2_N_GenomeWideSNP_6_G02_1348606	22	21939929	22398127	558	-0.2207
BLAIN_p_TCGA_282_304_b2_N_GenomeWideSNP_6_G02_1348606	22	22398345	22398545	4	0.8262
BLAIN_p_TCGA_282_304_b2_N_GenomeWideSNP_6_G02_1348606	22	22402989	23929558	935	-0.2865
BLAIN_p_TCGA_282_304_b2_N_GenomeWideSNP_6_G02_1348606	22	23940829	23969060	16	0.3675
BLAIN_p_TCGA_282_304_b2_N_GenomeWideSNP_6_G02_1348606	22	23971476	28927735	4004	-0.3027
BLAIN_p_TCGA_282_304_b2_N_GenomeWideSNP_6_G02_1348606	22	28929935	29063744	109	-1.5483
BLAIN_p_TCGA_282_304_b2_N_GenomeWideSNP_6_G02_1348606	22	29069654	50528603	14627	-0.3062
BLAIN_p_TCGA_282_304_b2_N_GenomeWideSNP_6_G02_1348606	22	50534679	50534687	5	-2.5273
BLAIN_p_TCGA_282_304_b2_N_GenomeWideSNP_6_G02_1348606	22	50535325	50796027	145	-0.289
BLAIN_p_TCGA_282_304_b2_N_GenomeWideSNP_6_G02_1348606	X	2785350	66009626	34740	-0.0085
BLAIN_p_TCGA_282_304_b2_N_GenomeWideSNP_6_G02_1348606	X	66009904	66010572	2	2.5685
BLAIN_p_TCGA_282_304_b2_N_GenomeWideSNP_6_G02_1348606	X	66010584	115684075	25676	-0.0174
BLAIN_p_TCGA_282_304_b2_N_GenomeWideSNP_6_G02_1348606	X	115686981	115687125	2	-3.3289
BLAIN_p_TCGA_282_304_b2_N_GenomeWideSNP_6_G02_1348606	X	115690491	155699837	23733	6e-04
BLAIN_p_TCGA_282_304_b2_N_GenomeWideSNP_6_G02_1348606	Y	2782397	11819797	2738	-0.6785
BLAIN_p_TCGA_282_304_b2_N_GenomeWideSNP_6_G02_1348606	Y	11820401	12077271	121	-2.0247
BLAIN_p_TCGA_282_304_b2_N_GenomeWideSNP_6_G02_1348606	Y	12077856	16052022	2058	-0.7275
BLAIN_p_TCGA_282_304_b2_N_GenomeWideSNP_6_G02_1348606	Y	16054579	21284707	2274	-2.1344
BLAIN_p_TCGA_282_304_b2_N_GenomeWideSNP_6_G02_1348606	Y	21292176	22195861	287	-0.7661
BLAIN_p_TCGA_282_304_b2_N_GenomeWideSNP_6_G02_1348606	Y	22196203	22197200	3	-2.0411
BLAIN_p_TCGA_282_304_b2_N_GenomeWideSNP_6_G02_1348606	Y	22198149	23013519	170	-0.7128
BLAIN_p_TCGA_282_304_b2_N_GenomeWideSNP_6_G02_1348606	Y	23014812	23029591	2	-3.1016
BLAIN_p_TCGA_282_304_b2_N_GenomeWideSNP_6_G02_1348606	Y	23045484	24006586	210	-0.6852
BLAIN_p_TCGA_282_304_b2_N_GenomeWideSNP_6_G02_1348606	Y	24012855	24021423	7	-1.5656
BLAIN_p_TCGA_282_304_b2_N_GenomeWideSNP_6_G02_1348606	Y	24022821	25548948	280	-1.2077
BLAIN_p_TCGA_282_304_b2_N_GenomeWideSNP_6_G02_1348606	Y	25571652	25663404	39	-1.4968
BLAIN_p_TCGA_282_304_b2_N_GenomeWideSNP_6_G02_1348606	Y	25665879	56872112	400	-0.6932
